9981
9982
9983
9984
9985
9986
9987
9988
9989
9990
9980
9979
9977
9978
9971
9970
9972
9974
9975
9976
9973
9969
9967
9968
9961
9960
9963
9964
9965
9966
9962
9959
9958
9957
9953
9950
9952
9954
9955
9956
9951
9949
9948
9946
9947
9940
9938
9939
9941
9942
9944
9945
9943
9937
9936
9931
9932
9933
9934
9935
9930
9928
9929
9921
9922
9923
9925
9926
9927
9924
9920
9919
9918
9917
9911
9912
9913
9914
9915
9916
9910
9907
9909
9908
9906
9900
9902
9903
9904
9905
9901
9899
9897
9898
9896
9891
9890
9893
9894
9895
9892
9889
9882
9883
9884
9885
9886
9887
9888
9879
9880
9881
9877
9878
9871
9872
9873
9874
9875
9876
9869
9868
9870
9865
9861
9862
9863
9864
9866
9867
9856
9860
9855
9857
9858
9859
9853
9851
9852
9854
9850
9849
9848
9842
9841
9843
9844
9845
9846
9847
9840
9839
9831
9832
9834
9835
9836
9837
9838
9833
9830
9828
9829
9824
9821
9822
9823
9825
9826
9827
9820
9819
9813
9811
9812
9814
9815
9817
9818
9816
9809
9801
9802
9803
9804
9805
9806
9807
9810
9808
9800
9794
9791
9792
9793
9795
9797
9799
9796
9798
9781
9782
9784
9785
9786
9787
9788
9789
9790
9783
9780
9778
9779
9771
9772
9774
9775
9776
9777
9773
9770
9769
9768
9761
9762
9763
9764
9765
9766
9767
9760
9758
9759
9753
9751
9752
9755
9756
9757
9754
9747
9748
9749
9750
9742
9746
9741
9743
9744
9745
9740
9739
9735
9731
9732
9733
9734
9736
9738
9737
9730
9729
9728
9721
9722
9723
9724
9725
9726
9727
9718
9717
9719
9720
9714
9711
9713
9715
9716
9712
9710
9708
9709
9701
9702
9703
9704
9705
9707
9706
9700
9698
9697
9699
9694
9691
9692
9693
9695
9696
9690
9689
9688
9681
9682
9683
9684
9686
9687
9685
9680
9677
9679
9678
9671
9672
9673
9674
9675
9676
9670
9669
9661
9662
9663
9664
9666
9667
9668
9665
9657
9659
9658
9660
9656
9651
9652
9653
9655
9654
9650
9649
9644
9642
9643
9645
9646
9647
9648
9641
9639
9638
9640
9632
9633
9634
9635
9636
9637
9631
9630
9628
9627
9629
9624
9622
9623
9625
9626
9621
9620
9619
9618
9611
9612
9614
9615
9616
9617
9613