12494
12485
12486
12487
12488
12489
12490
12491
12492
12493
12482
12483
12484
12481
12478
12479
12480
12474
12471
12472
12473
12476
12477
12475
12470
12468
12467
12469
12461
12462
12463
12464
12465
12466
12460
12458
12459
12454
12455
12456
12457
12453
12450
12451
12452
12449
12448
12445
12446
12447
12439
12440
12441
12442
12444
12443
12438
12435
12437
12436
12430
12428
12429
12431
12432
12433
12434
12427
12426
12421
12418
12420
12422
12423
12424
12425
12419
12414
12417
12415
12416
12411
12408
12409
12412
12413
12410
12407
12406
12403
12405
12404
12402
12401
12400
12393
12394
12395
12396
12397
12398
12399
12389
12390
12388
12391
12392
12383
12384
12385
12386
12387
12381
12382
12379
12375
12376
12377
12378
12380
12374
12373
12372
12366
12365
12367
12368
12369
12371
12370
12364
12363
12359
12355
12356
12358
12360
12361
12362
12357
12353
12354
12346
12348
12351
12345
12347
12349
12350
12352
12343
12344
12342
12335
12336
12337
12339
12340
12341
12338
12334
12333
12332
12325
12326
12327
12328
12329
12330
12331
12319
12324
12318
12320
12321
12322
12323
12315
12316
12317
12314
12313
12310
12305
12306
12307
12308
12309
12311
12312
12304
12303
12295
12298
12302
12296
12297
12299
12300
12301
12291
12290
12285
12286
12287
12288
12289
12293
12294
12292
12284
12282
12283
12278
12275
12276
12277
12279
12280
12281
12274
12272
12273
12271
12265
12266
12267
12269
12270
12268
12264
12263
12256
12255
12257
12258
12260
12261
12262
12259
12251
12252
12254
12253
12248
12245
12246
12247
12249
12250
12244
12243
12237
12235
12236
12238
12239
12240
12242
12241
12232
12234
12233
12229
12226
12227
12228
12230
12231
12225
12224
12223
12222
12216
12217
12218
12219
12220
12221
12215
12212
12211
12213
12214
12205
12206
12207
12208
12209
12210
12204
12203
12201
12195
12196
12197
12198
12199
12202
12200
12192
12194
12193
12187
12185
12186
12189
12190
12191
12188
12184
12183
12178
12175
12176
12177
12179
12180
12182
12181
12172
12173
12174
12168
12165
12166
12169
12170
12171
12167
12164
12162
12163
12158
12155
12156
12159
12160
12161
12157
12154
12153
12152
12145
12146
12147
12148
12149
12151
12150
12144
12141
12142
12143
12135
12136
12138
12139
12140
12137
12134
12133
12132
12127
12128
12129
12130
12131
12126
12125
12124
12123
12121
12122
12116
12115
12117
12118
12120
12119