12494
12485
12486
12487
12488
12489
12490
12491
12492
12493
12483
12484
12482
12481
12480
12478
12479
12475
12472
12471
12473
12476
12477
12474
12470
12469
12467
12468
12462
12463
12464
12465
12466
12461
12460
12459
12458
12455
12454
12456
12457
12453
12452
12450
12451
12449
12448
12446
12447
12445
12443
12440
12441
12442
12444
12439
12438
12436
12435
12437
12434
12428
12429
12431
12432
12433
12430
12426
12427
12419
12420
12418
12422
12423
12424
12425
12421
12415
12414
12417
12416
12410
12408
12409
12412
12413
12411
12407
12406
12404
12403
12405
12401
12402
12399
12393
12394
12395
12396
12397
12398
12400
12388
12391
12392
12389
12390
12384
12383
12385
12386
12387
12381
12382
12380
12375
12376
12377
12378
12379
12372
12373
12374
12370
12365
12367
12368
12369
12371
12366
12363
12364
12357
12355
12356
12358
12360
12361
12362
12359
12353
12354
12345
12347
12349
12350
12352
12346
12348
12351
12344
12343
12338
12335
12336
12337
12339
12340
12341
12342
12334
12332
12333
12331
12326
12327
12328
12329
12330
12325
12318
12320
12321
12322
12323
12319
12324
12316
12315
12317
12313
12314
12312
12305
12306
12307
12308
12309
12311
12310
12304
12303
12296
12297
12299
12300
12301
12295
12298
12302
12292
12286
12285
12287
12288
12289
12293
12294
12290
12291
12284
12283
12282
12275
12276
12277
12279
12280
12281
12278
12274
12271
12272
12273
12268
12266
12267
12269
12270
12265
12264
12263
12259
12255
12257
12258
12260
12261
12262
12256
12253
12254
12251
12252
12246
12245
12247
12249
12250
12248
12244
12243
12241
12235
12236
12238
12239
12240
12242
12237
12233
12232
12234
12225
12226
12227
12228
12230
12231
12229
12224
12222
12223
12215
12216
12217
12218
12219
12220
12221
12214
12211
12213
12212
12206
12207
12208
12209
12210
12205
12204
12203
12200
12195
12196
12197
12198
12199
12202
12201
12193
12192
12194
12188
12186
12185
12189
12190
12191
12187
12184
12183
12181
12175
12176
12177
12179
12180
12182
12178
12174
12172
12173
12167
12166
12165
12169
12170
12171
12168
12164
12163
12162
12157
12155
12156
12159
12160
12161
12158
12153
12154
12150
12146
12145
12147
12148
12149
12151
12152
12144
12143
12141
12142
12137
12135
12136
12138
12139
12140
12134
12132
12133
12126
12127
12128
12129
12130
12131
12125
12124
12121
12122
12123
12119
12115
12117
12118
12120
12116
