5937
5938
5939
5940
5941
5942
5943
5944
5945
5946
5936
5935
5934
5933
5928
5926
5927
5929
5930
5931
5932
5925
5924
5923
5916
5917
5915
5918
5919
5920
5921
5922
5914
5913
5905
5906
5907
5908
5911
5909
5910
5912
5902
5903
5904
5900
5901
5899
5898
5892
5893
5894
5895
5896
5897
5891
5886
5887
5889
5890
5888
5880
5878
5879
5881
5883
5884
5885
5882
5877
5876
5875
5874
5866
5867
5868
5870
5871
5873
5872
5869
5864
5863
5865
5858
5857
5859
5860
5861
5862
5856
5854
5855
5852
5853
5846
5844
5845
5847
5848
5850
5851
5849
5843
5841
5842
5837
5836
5838
5839
5840
5835
5834
5833
5832
5824
5825
5826
5827
5828
5829
5830
5831
5823
5818
5814
5815
5816
5817
5819
5821
5822
5820
5811
5810
5812
5813
5806
5808
5809
5807
5805
5804
5803
5797
5795
5796
5799
5800
5801
5802
5798
5793
5794
5786
5787
5788
5789
5790
5785
5791
5792
5783
5784
5776
5775
5777
5778
5780
5781
5782
5779
5768
5766
5767
5769
5770
5771
5773
5774
5772
5765
5758
5762
5764
5756
5757
5759
5760
5761
5763
5746
5747
5749
5750
5751
5752
5753
5754
5755
5748
5745
5742
5743
5744
5738
5736
5739
5740
5741
5737
5734
5735
5733
5732
5727
5724
5726
5728
5729
5730
5731
5725
5722
5723
5720
5721
5719
5718
5711
5712
5714
5715
5716
5717
5713
5706
5707
5709
5710
5708
5705
5703
5704
5702
5698
5696
5699
5700
5701
5697
5695
5694
5689
5686
5687
5688
5691
5692
5693
5690
5685
5684
5679
5677
5678
5680
5681
5682
5683
5676
5675
5673
5674
5666
5667
5669
5670
5672
5671
5668
5665
5664
5662
5656
5657
5658
5659
5661
5663
5660
5652
5651
5653
5655
5654
5650
5647
5648
5649
5646
5645
5644
5643
5636
5637
5638
5639
5640
5641
5642
5635
5634
5631
5632
5633
5627
5628
5629
5630
5626
5625
5624
5619
5616
5617
5618
5620
5621
5623
5622
5615
5611
5610
5613
5614
5612
5606
5605
5607
5608
5609
5604
5603
5598
5595
5596
5597
5600
5601
5602
5599
5594
5592
5593
5585
5586
5589
5590
5588
5587
5591
5579
5583
5580
5581
5582
5584
5578
5577
5576
5575
5573
5567
5569
5570
5571
5572
5574
5568
