7077
7078
7079
7080
7081
7082
7083
7084
7085
7086
7075
7076
7074
7073
7071
7070
7072
7065
7066
7067
7068
7069
7061
7062
7064
7063
7058
7056
7057
7059
7060
7055
7054
7053
7052
7051
7044
7045
7046
7050
7047
7048
7049
7041
7043
7042
7040
7039
7036
7037
7038
7034
7035
7031
7033
7032
7027
7024
7025
7028
7029
7030
7026
7023
7021
7022
7014
7016
7017
7018
7019
7020
7015
7010
7012
7013
7011
7009
7007
7006
7008
7000
7001
7002
7003
7004
7005
6999
6998
6997
6995
6996
6994
6988
6989
6990
6991
6993
6992
6987
6985
6986
6984
6983
6980
6981
6982
6979
6977
6978
6975
6972
6973
6974
6976
6971
6966
6968
6969
6970
6967
6962
6961
6964
6965
6963
6960
6959
6953
6954
6957
6958
6955
6956
6950
6951
6952
6949
6947
6948
6942
6939
6940
6941
6943
6944
6945
6946
6938
6937
6936
6935
6934
6927
6929
6930
6931
6932
6933
6928
6923
6925
6924
6926
6920
6922
6919
6921
6918
6916
6917
6913
6914
6915
6910
6907
6909
6911
6912
6908
6906
6904
6905
6903
6902
6901
6899
6900
6897
6893
6894
6895
6896
6898
6891
6892
6887
6888
6890
6886
6883
6885
6889
6884
6882
6880
6881
6879
6875
6876
6877
6878
6874
6870
6871
6872
6873
6869
6866
6867
6868
6865
6862
6856
6857
6858
6859
6860
6863
6864
6861
6855
6854
6846
6847
6848
6851
6852
6853
6849
6850
6845
6844
6843
6837
6838
6839
6840
6841
6842
6836
6835
6834
6831
6833
6832
6828
6824
6825
6826
6827
6830
6829
6823
6820
6821
6822
6819
6814
6815
6816
6817
6818
6813
6812
6804
6805
6806
6807
6808
6803
6809
6810
6811
6799
6800
6801
6802
6798
6793
6794
6796
6797
6795
6792
6790
6791
6784
6783
6785
6786
6787
6788
6789
6782
6778
6780
6781
6779
6773
6774
6775
6777
6776
6772
6771
6763
6764
6766
6765
6767
6768
6769
6770
6761
6762
6760
6759
6756
6753
6754
6755
6757
6758
6751
6752
6743
6744
6745
6746
6747
6748
6750
6749
6742
6741
6740
6735
6733
6734
6737
6738
6739
6736
6732
6731
6729
6730
6723
6724
6725
6726
6727
6728
6719
6720
6721
6722
6717
6718
6715
6716
6710
6707
6708
6709
6712
6713
6714
6711
