9981
9982
9983
9984
9985
9986
9987
9988
9989
9990
9980
9979
9978
9977
9973
9970
9972
9974
9975
9976
9971
9969
9968
9967
9962
9960
9963
9964
9965
9966
9961
9959
9957
9958
9950
9952
9954
9955
9956
9953
9951
9949
9948
9947
9946
9943
9938
9939
9941
9942
9944
9945
9940
9936
9937
9932
9933
9934
9935
9931
9930
9929
9928
9924
9922
9923
9925
9926
9927
9921
9920
9919
9917
9918
9912
9913
9914
9915
9916
9911
9910
9908
9907
9909
9901
9900
9902
9903
9904
9905
9906
9899
9896
9897
9898
9892
9890
9893
9894
9895
9891
9889
9883
9884
9885
9886
9887
9888
9882
9879
9880
9881
9878
9877
9876
9871
9872
9873
9874
9875
9870
9868
9869
9861
9862
9863
9864
9866
9867
9865
9855
9857
9858
9859
9856
9860
9851
9852
9854
9853
9848
9849
9850
9847
9841
9843
9844
9845
9846
9842
9839
9840
9833
9832
9834
9835
9836
9837
9838
9831
9830
9829
9828
9821
9822
9823
9825
9826
9827
9824
9819
9820
9816
9811
9812
9814
9815
9817
9818
9813
9808
9801
9802
9803
9804
9805
9806
9807
9810
9809
9800
9798
9796
9791
9792
9793
9795
9797
9799
9794
9783
9782
9784
9785
9786
9787
9788
9789
9790
9781
9780
9779
9778
9773
9771
9772
9774
9775
9776
9777
9770
9768
9769
9762
9763
9764
9765
9766
9767
9761
9760
9759
9758
9754
9751
9752
9755
9756
9757
9753
9747
9748
9749
9750
9741
9743
9744
9745
9742
9746
9739
9740
9737
9731
9732
9733
9734
9736
9738
9735
9730
9728
9729
9722
9723
9724
9725
9726
9727
9721
9717
9719
9720
9718
9712
9711
9713
9715
9716
9714
9710
9709
9708
9706
9701
9702
9703
9704
9705
9707
9700
9697
9699
9698
9696
9691
9692
9693
9695
9694
9690
9688
9689
9685
9681
9682
9683
9684
9686
9687
9678
9677
9679
9680
9672
9673
9674
9675
9676
9671
9670
9669
9665
9662
9663
9664
9666
9667
9668
9661
9658
9660
9657
9659
9654
9651
9652
9653
9655
9656
9650
9649
9641
9642
9643
9645
9646
9647
9648
9644
9638
9640
9639
9631
9633
9634
9635
9636
9637
9632
9630
9627
9629
9628
9621
9622
9623
9625
9626
9624
9620
9618
9619
9613
9612
9614
9615
9616
9617
9611
