7837
7838
7839
7840
7841
7842
7843
7844
7845
7846
7836
7835
7832
7828
7829
7830
7833
7834
7831
7827
7826
7825
7823
7824
7822
7820
7821
7813
7815
7816
7817
7818
7819
7814
7812
7810
7809
7811
7803
7808
7802
7804
7805
7806
7807
7801
7800
7796
7797
7798
7799
7792
7794
7795
7793
7791
7787
7789
7790
7786
7788
7785
7784
7782
7777
7778
7779
7780
7783
7781
7776
7775
7773
7774
7766
7767
7768
7769
7770
7771
7772
7765
7764
7758
7756
7757
7759
7760
7762
7763
7761
7753
7755
7752
7754
7751
7750
7749
7747
7748
7746
7745
7742
7744
7743
7737
7736
7738
7740
7741
7739
7734
7733
7735
7726
7728
7729
7730
7731
7732
7727
7723
7724
7725
7717
7719
7720
7721
7722
7718
7716
7715
7711
7707
7708
7709
7710
7712
7713
7714
7706
7705
7704
7697
7699
7700
7701
7702
7703
7698
7692
7693
7694
7695
7696
7689
7690
7691
7687
7688
7686
7685
7680
7678
7679
7681
7682
7683
7684
7677
7676
7674
7675
7667
7668
7669
7670
7671
7672
7673
7666
7664
7665
7662
7663
7661
7656
7657
7659
7660
7658
7655
7654
7650
7647
7648
7649
7651
7652
7653
7646
7643
7645
7644
7637
7636
7638
7639
7641
7642
7640
7635
7628
7631
7632
7629
7630
7633
7634
7627
7626
7624
7622
7625
7623
7616
7617
7618
7619
7621
7620
7615
7614
7613
7606
7607
7608
7609
7610
7611
7612
7605
7603
7604
7599
7597
7598
7600
7601
7602
7596
7595
7594
7591
7587
7588
7589
7590
7592
7593
7586
7585
7584
7578
7576
7577
7579
7580
7582
7583
7581
7575
7573
7574
7566
7567
7568
7569
7570
7572
7571
7565
7564
7557
7556
7558
7559
7560
7561
7563
7562
7551
7553
7554
7552
7555
7550
7546
7547
7549
7548
7545
7543
7544
7537
7538
7539
7540
7541
7542
7536
7532
7533
7534
7535
7526
7527
7529
7530
7531
7528
7525
7524
7519
7516
7517
7518
7520
7522
7523
7521
7515
7512
7514
7513
7507
7506
7508
7509
7510
7511
7505
7504
7503
7496
7498
7499
7500
7501
7502
7497
7493
7494
7495
7492
7491
7487
7488
7490
7489
7486
7485
7483
7484
7482
7480
7476
7477
7479
7481
7478
7475
7473
7474
7467
7468
7469
7471
7472
7470
