9601
9602
9603
9604
9605
9606
9607
9608
9609
9610
9599
9600
9598
9597
9595
9596
9594
9588
9590
9591
9592
9593
9589
9587
9586
9585
9584
9580
9578
9581
9582
9583
9579
9577
9576
9575
9574
9568
9569
9570
9572
9571
9573
9566
9567
9565
9563
9564
9557
9558
9559
9560
9561
9562
9556
9554
9555
9551
9547
9548
9550
9552
9553
9549
9546
9544
9545
9539
9538
9540
9541
9542
9543
9537
9536
9535
9532
9533
9534
9530
9531
9523
9522
9524
9525
9526
9527
9528
9529
9520
9521
9515
9513
9514
9516
9517
9518
9519
9512
9511
9507
9509
9510
9508
9504
9505
9506
9499
9500
9501
9503
9502
9496
9497
9498
9489
9490
9493
9494
9492
9491
9495
9485
9487
9488
9486
9481
9482
9484
9483
9480
9479
9474
9471
9472
9473
9475
9476
9477
9478
9470
9469
9468
9465
9467
9461
9462
9463
9464
9466
9457
9458
9459
9460
9453
9454
9455
9456
9451
9452
9450
9449
9448
9446
9441
9442
9444
9445
9447
9443
9440
9438
9439
9434
9431
9432
9433
9436
9437
9435
9429
9421
9422
9423
9424
9426
9427
9428
9430
9425
9418
9419
9417
9420
9416
9411
9413
9414
9415
9412
9405
9401
9402
9403
9404
9407
9408
9409
9410
9406
9400
9398
9399
9393
9391
9392
9394
9395
9396
9397
9388
9389
9390
9385
9381
9382
9383
9386
9387
9384
9380
9379
9378
9373
9371
9372
9374
9375
9377
9376
9362
9364
9365
9366
9367
9368
9369
9363
9370
9361
9360
9358
9357
9359
9351
9352
9353
9355
9356
9354
9350
9349
9348
9342
9341
9343
9344
9345
9346
9347
9340
9338
9337
9339
9331
9332
9333
9334
9336
9335
9330
9329
9325
9322
9323
9324
9326
9327
9328
9321
9318
9317
9319
9320
9312
9311
9313
9314
9315
9316
9310
9309
9305
9301
9302
9303
9304
9306
9307
9308
9297
9298
9299
9300
9295
9291
9292
9293
9294
9296
9290
9288
9289
9287
9281
9282
9283
9284
9285
9286
9277
9279
9278
9280
9274
9272
9273
9275
9276
9271
9270
9269
9265
9261
9263
9264
9266
9267
9268
9262
9259
9260
9258
9254
9252
9255
9256
9257
9253
9251
9249
9250
9244
9243
9245
9246
9247
9248
9242
9241
9240
9239
9238
9232
9231
9233
9234
9236
9237
9235
