22712
22713
22714
22715
22716
22717
22718
22719
22720
22721
22651
22685
22645
22647
22650
22649
22708
22702
22705
22709
22703
22707
22710
22711
22706
22704
22700
22701
22696
22695
22692
22693
22694
22697
22698
22699
22686
22682
22689
22688
22691
22690
22643
22687
22683
22684
22681
22677
22676
22678
22672
22673
22674
22679
22675
22680
22662
22665
22666
22663
22664
22667
22669
22670
22671
22668
22652
22654
22655
22653
22657
22658
22660
22661
22361
22656
22642
22644
22648
22646
22639
22632
22633
22637
22635
22636
22638
22640
22641
22634
22624
22622
22627
22623
22625
22628
22629
22630
22631
22626
22612
22616
22619
22617
22613
22614
22615
22618
22621
22620
22602
22604
22606
22607
22610
22603
22608
22609
22611
22605
22600
22596
22598
22595
22593
22594
22597
22599
22601
22592
22585
22586
22588
22589
22587
22590
22591
22583
22584
22582
22580
22578
22573
22572
22574
22575
22576
22579
22581
22577
22567
22562
22566
22563
22564
22565
22568
22570
22571
22569
22549
22552
22558
22560
22561
22557
22553
22554
22556
22559
22555
22544
22551
22542
22543
22545
22546
22548
22550
22547
22534
22538
22539
22532
22533
22535
22537
22540
22541
22536
22525
22523
22527
22528
22529
22530
22531
22524
22526
22522
22516
22521
22513
22517
22512
22514
22515
22520
22519
22518
22509
22510
22506
22508
22505
22511
22507
22502
22503
22504
22498
22495
22496
22501
22492
22493
22494
22499
22500
22497
22483
22488
22485
22484
22486
22487
22489
22490
22491
22482
22473
22472
22478
22479
22480
22481
22474
22475
22476
22477
22468
22462
22464
22463
22466
22467
22469
22470
22465
22471
22454
22460
22452
22453
22455
22456
22457
22458
22461
22459
22450
22445
22442
22443
22448
22444
22446
22447
22449
22451
22435
22434
22437
22439
22432
22436
22438
22440
22441
22433
22423
22430
22422
22424
22425
22426
22428
22429
22427
22431
22415
22412
22418
22416
22413
22414
22417
22419
22420
22421
22402
22405
22408
22406
22403
22407
22409
22410
22411
22404
22392
22393
22401
22394
22395
22397
22398
22399
22400
22396
22383
22387
22384
22385
22386
22388
22390
22391
22389
22382
22381
22374
22380
22377
22372
22373
22375
22376
22378
22379
22363
22371
22366
22369
22362
22364
22365
22368
22370
22367
22357
22354
22360
22359
22352
22353
22355
22356
22659
22358
22348
22347
22350
22344
22345
22346
22349
22351
22343
22342
