7457
7458
7459
7460
7461
7462
7463
7464
7465
7466
7456
7453
7451
7452
7454
7455
7447
7448
7449
7450
7446
7445
7444
7443
7442
7436
7437
7438
7439
7441
7440
7433
7434
7432
7435
7426
7427
7429
7430
7428
7431
7425
7424
7423
7422
7418
7414
7415
7417
7419
7420
7421
7416
7412
7413
7411
7410
7405
7406
7407
7408
7409
7404
7403
7402
7401
7395
7396
7397
7398
7399
7400
7393
7394
7386
7387
7388
7389
7390
7385
7391
7392
7384
7383
7380
7375
7376
7378
7379
7381
7382
7377
7374
7373
7371
7372
7365
7364
7366
7367
7369
7370
7368
7363
7362
7361
7360
7355
7356
7357
7358
7359
7354
7353
7352
7351
7350
7349
7341
7347
7346
7342
7343
7344
7345
7348
7340
7339
7335
7331
7332
7333
7334
7336
7337
7338
7325
7326
7327
7328
7329
7330
7321
7323
7322
7324
7320
7318
7319
7317
7316
7315
7308
7310
7311
7312
7313
7314
7309
7307
7304
7306
7305
7298
7299
7300
7301
7303
7302
7297
7290
7291
7295
7296
7292
7293
7294
7287
7288
7289
7285
7286
7283
7278
7279
7280
7281
7282
7284
7277
7274
7276
7275
7268
7269
7270
7271
7272
7273
7267
7266
7262
7260
7261
7263
7264
7265
7259
7258
7257
7256
7255
7252
7254
7253
7246
7247
7248
7250
7251
7249
7245
7244
7243
7237
7238
7239
7240
7241
7242
7235
7236
7227
7228
7229
7230
7231
7232
7233
7234
7226
7224
7225
7217
7218
7219
7220
7222
7223
7221
7216
7215
7207
7208
7209
7211
7212
7213
7214
7210
7199
7200
7203
7204
7205
7206
7201
7202
7197
7198
7194
7196
7195
7190
7187
7188
7189
7191
7192
7193
7186
7183
7185
7184
7177
7178
7179
7180
7182
7181
7176
7174
7175
7170
7167
7168
7169
7171
7173
7172
7166
7165
7164
7157
7159
7160
7161
7162
7163
7158
7156
7155
7154
7153
7147
7148
7149
7150
7151
7152
7144
7146
7145
7142
7137
7138
7139
7140
7141
7143
7135
7136
7134
7130
7127
7128
7129
7132
7133
7131
7126
7125
7118
7117
7119
7120
7121
7122
7123
7124
7114
7115
7116
7113
7107
7108
7109
7111
7112
7110
7106
7105
7104
7097
7098
7099
7100
7101
7102
7103
7096
7095
7092
7087
7088
7089
7091
7093
7094
7090
