8234
8235
8236
8237
8238
8239
8240
8241
8242
8243
8232
8233
8230
8225
8226
8228
8229
8231
8227
8224
8223
8221
8222
8220
8218
8219
8211
8212
8214
8215
8216
8217
8213
8210
8209
8208
8207
8201
8204
8203
8202
8205
8206
8200
8199
8198
8191
8192
8193
8194
8195
8196
8197
8189
8190
8188
8187
8185
8186
8180
8181
8182
8183
8184
8179
8175
8178
8174
8176
8177
8171
8170
8172
8173
8169
8168
8160
8162
8163
8161
8164
8165
8166
8167
8157
8158
8156
8159
8151
8150
8153
8154
8155
8152
8149
8148
8144
8145
8146
8147
8143
8142
8134
8135
8136
8137
8138
8139
8140
8141
8133
8131
8132
8126
8125
8127
8128
8129
8130
8124
8123
8121
8122
8120
8114
8115
8117
8118
8119
8116
8113
8112
8108
8104
8105
8107
8109
8110
8111
8106
8098
8099
8102
8100
8101
8103
8094
8095
8096
8097
8093
8092
8090
8091
8083
8084
8085
8086
8088
8087
8089
8082
8081
8080
8076
8072
8073
8074
8075
8077
8078
8079
8069
8070
8071
8066
8062
8064
8065
8067
8068
8063
8060
8061
8059
8053
8054
8055
8056
8057
8058
8052
8044
8045
8046
8047
8048
8049
8043
8050
8051
8042
8041
8040
8034
8035
8036
8037
8038
8039
8033
8032
8030
8031
8026
8024
8025
8027
8028
8029
8023
8022
8020
8019
8021
8013
8014
8015
8016
8017
8018
8012
8011
8003
8004
8005
8006
8007
8009
8008
8010
7995
7996
7998
7999
8000
8001
7997
8002
7994
7993
7991
7990
7989
7992
7987
7984
7985
7986
7988
7983
7982
7981
7973
7974
7975
7976
7978
7979
7980
7977
7971
7972
7970
7963
7965
7966
7967
7968
7964
7969
7962
7961
7960
7954
7953
7955
7956
7957
7958
7959
7950
7951
7952
7949
7944
7943
7946
7947
7948
7945
7942
7941
7938
7933
7934
7935
7937
7939
7940
7936
7931
7929
7932
7930
7923
7925
7926
7928
7927
7924
7922
7921
7913
7914
7915
7917
7918
7919
7920
7916
7909
7911
7910
7912
7905
7903
7904
7906
7907
7908
7902
7901
7897
7893
7894
7895
7896
7898
7899
7900
7890
7891
7892
7888
7885
7886
7887
7889
7884
7883
7882
7880
7875
7877
7878
7879
7881
7876
7874
7873
7872
7871
7864
7865
7867
7868
7869
7870
7866
