6317
6318
6319
6320
6321
6322
6323
6324
6325
6326
6316
6314
6315
6311
6307
6308
6310
6312
6313
6309
6306
6305
6304
6298
6297
6299
6300
6301
6302
6303
6294
6296
6295
6288
6290
6291
6292
6293
6289
6287
6286
6284
6285
6277
6278
6279
6281
6282
6283
6280
6276
6275
6274
6267
6268
6269
6270
6271
6272
6273
6264
6266
6265
6257
6258
6259
6261
6262
6263
6260
6256
6255
6254
6247
6248
6249
6251
6252
6253
6250
6245
6246
6244
6241
6243
6242
6236
6237
6238
6239
6240
6235
6232
6234
6233
6229
6230
6231
6226
6227
6228
6225
6223
6224
6215
6216
6217
6218
6220
6221
6222
6219
6214
6213
6212
6207
6208
6210
6211
6209
6206
6205
6204
6203
6196
6197
6198
6199
6200
6201
6202
6195
6194
6189
6186
6187
6190
6191
6192
6193
6188
6181
6182
6185
6183
6184
6177
6178
6179
6180
6176
6175
6174
6173
6166
6167
6168
6170
6171
6169
6172
6165
6164
6156
6157
6158
6159
6160
6162
6163
6161
6155
6152
6153
6154
6148
6146
6149
6150
6151
6147
6144
6145
6136
6137
6139
6140
6141
6142
6143
6138
6135
6127
6132
6126
6128
6129
6131
6134
6130
6133
6124
6125
6123
6116
6117
6118
6119
6120
6121
6122
6115
6114
6106
6107
6109
6110
6111
6112
6113
6108
6104
6103
6105
6102
6096
6097
6098
6099
6100
6101
6095
6094
6092
6093
6086
6088
6089
6090
6085
6087
6091
6084
6083
6082
6081
6074
6075
6076
6078
6079
6080
6077
6073
6067
6069
6068
6070
6072
6071
6066
6064
6065
6063
6062
6054
6055
6057
6058
6059
6060
6061
6056
6050
6051
6053
6052
6044
6045
6047
6046
6048
6049
6043
6042
6037
6034
6036
6038
6039
6040
6041
6035
6026
6033
6027
6028
6030
6031
6032
6029
6025
6024
6023
6022
6017
6015
6016
6018
6019
6020
6021
6014
6013
6009
6010
6011
6012
6004
6005
6006
6007
6008
6003
6002
5996
5997
5999
5994
5998
6000
6001
5995
5991
5993
5992
5984
5985
5986
5988
5989
5990
5987
5983
5982
5980
5974
5975
5976
5977
5978
5981
5979
5973
5971
5972
5964
5965
5968
5966
5967
5969
5970
5958
5959
5960
5961
5962
5963
5957
5954
5955
5956
5952
5948
5949
5950
5951
5953
5947
