6697
6698
6699
6700
6701
6702
6703
6704
6705
6706
6696
6695
6694
6689
6687
6688
6690
6691
6692
6693
6686
6685
6684
6683
6676
6677
6678
6679
6680
6681
6682
6675
6673
6674
6666
6667
6669
6670
6671
6672
6668
6665
6663
6664
6656
6657
6658
6659
6661
6662
6660
6654
6655
6653
6652
6651
6646
6647
6648
6649
6650
6644
6645
6637
6636
6638
6639
6641
6642
6643
6640
6634
6635
6626
6628
6630
6631
6632
6633
6629
6627
6625
6624
6623
6619
6616
6617
6620
6621
6622
6618
6615
6614
6613
6610
6606
6607
6608
6609
6611
6612
6605
6604
6599
6600
6601
6603
6597
6598
6602
6595
6596
6594
6592
6593
6591
6590
6586
6587
6589
6588
6585
6582
6583
6584
6577
6576
6578
6580
6581
6579
6575
6574
6572
6573
6567
6564
6565
6566
6569
6570
6571
6568
6563
6562
6561
6554
6555
6556
6557
6558
6560
6559
6549
6551
6553
6548
6550
6552
6544
6545
6547
6546
6543
6542
6541
6534
6535
6536
6538
6539
6540
6537
6533
6532
6531
6526
6525
6527
6528
6529
6530
6524
6523
6520
6515
6517
6518
6519
6521
6522
6516
6506
6510
6507
6508
6509
6512
6514
6505
6511
6513
6504
6503
6502
6501
6496
6497
6498
6499
6500
6495
6494
6489
6486
6487
6488
6490
6491
6493
6492
6485
6484
6483
6479
6476
6477
6478
6480
6482
6481
6475
6472
6473
6474
6471
6466
6467
6468
6469
6470
6465
6464
6463
6457
6458
6459
6460
6461
6462
6456
6454
6455
6448
6446
6447
6449
6450
6451
6453
6452
6443
6442
6445
6444
6436
6441
6437
6439
6440
6438
6435
6434
6426
6428
6429
6430
6431
6433
6432
6427
6418
6420
6421
6425
6417
6419
6422
6423
6424
6416
6410
6411
6413
6415
6414
6412
6407
6408
6409
6406
6405
6403
6404
6402
6396
6397
6398
6399
6400
6401
6395
6390
6392
6393
6394
6391
6387
6388
6386
6389
6384
6385
6378
6377
6379
6380
6381
6382
6383
6376
6375
6371
6372
6373
6374
6369
6366
6368
6370
6367
6365
6364
6358
6356
6357
6360
6361
6362
6363
6359
6354
6355
6353
6348
6349
6350
6351
6352
6347
6346
6345
6344
6337
6339
6340
6341
6342
6343
6338
6335
6334
6336
6327
6328
6329
6330
6331
6333
6332
