9601,Cardiff City,1,2,Chelsea,36.8,63.2,3,7,10,28,536,801,317,568,20,21,30,18,3,8,1,2
9602,Fulham,2,2,Crystal Palace,66.1,33.9,5,6,15,15,717,463,496,249,21,21,33,34,6,4,1,1
9603,Hull,0,2,Everton,43,57,3,4,12,11,627,790,459,623,16,13,26,20,6,4,2,2
9604,Liverpool,2,1,Newcastle,66.2,33.8,5,2,13,8,851,515,673,333,15,19,24,26,6,2,3,2
9605,Man City,2,0,West Ham,68.1,31.9,7,0,28,3,772,431,585,259,17,12,15,34,12,1,2,1
9606,Norwich,0,2,Arsenal,37.7,62.3,5,8,11,14,575,859,405,680,13,18,20,23,4,4,3,1
9607,Southampton,1,1,Man Utd,58.5,41.5,6,2,15,9,687,569,517,369,14,18,16,35,6,2,0,6
9608,Sunderland,1,3,Swansea,53.3,46.7,4,4,20,8,598,548,401,344,16,23,25,32,6,3,0,0
9609,Spurs,3,0,Aston Villa,54.7,45.3,6,1,12,4,739,639,556,461,17,17,18,20,5,1,7,0
9610,West Brom,1,2,Stoke,43,57,4,4,18,14,549,698,359,496,17,18,17,30,11,6,1,3
9599,Man City,4,0,Aston Villa,73.3,26.7,9,0,18,5,910,427,739,257,10,16,20,36,7,2,3,0
9600,Sunderland,2,0,West Brom,48.3,51.7,4,3,10,13,617,647,435,467,15,11,19,16,5,0,0,1
9598,Man Utd,3,1,Hull,55.3,44.7,7,2,18,2,799,657,637,511,12,20,22,13,8,0,0,1
9597,Crystal Palace,3,3,Liverpool,34.9,65.1,6,8,10,26,517,799,295,608,19,16,21,28,7,7,0,3
9596,Chelsea,0,0,Norwich,71.3,28.7,4,3,23,6,878,440,650,259,11,22,27,46,5,2,4,1
9595,Arsenal,1,0,West Brom,60.3,39.7,4,1,15,11,800,591,592,386,19,13,39,29,9,10,0,2
9589,Everton,2,3,Man City,59.3,40.7,4,6,9,18,871,642,673,456,16,17,20,22,4,3,3,0
9588,Aston Villa,3,1,Hull,44.2,55.8,9,2,15,8,554,673,358,449,12,12,29,45,8,5,0,3
9590,Man Utd,0,1,Sunderland,63,37,2,1,17,8,769,533,575,339,14,15,21,33,8,0,2,3
9591,Newcastle,3,0,Cardiff City,53.8,46.2,6,3,22,16,641,566,409,351,22,16,37,29,10,6,0,2
9592,Stoke,4,1,Fulham,63.3,36.7,8,2,23,10,816,522,599,336,15,17,22,17,3,5,2,0
9593,Swansea,0,1,Southampton,38.1,61.9,3,4,12,17,557,776,352,580,17,12,30,19,3,5,2,1
9594,West Ham,2,0,Spurs,47.2,52.8,8,3,20,12,576,632,333,387,19,28,39,40,10,6,3,0
9587,Arsenal,3,0,Newcastle,61.5,38.5,8,3,20,8,828,602,613,387,21,18,25,38,14,0,4,2
9584,Crystal Palace,0,2,Man City,46.4,53.6,2,6,3,16,624,694,399,468,21,24,41,28,4,8,4,0
9585,Liverpool,0,2,Chelsea,73,27,8,4,26,11,850,471,624,226,23,20,22,54,14,2,1,0
9586,Sunderland,4,0,Cardiff City,59.6,40.4,7,1,21,6,624,471,448,286,14,17,18,31,11,5,0,0
9579,Man Utd,4,0,Norwich,61.3,38.7,11,2,25,9,846,602,637,391,16,17,34,34,5,3,1,0
9578,Fulham,2,2,Hull,46,54,3,4,10,8,581,650,379,458,17,19,31,36,7,2,0,1
9581,Stoke,0,1,Spurs,50.5,49.5,3,4,17,16,614,629,407,398,22,25,25,28,4,3,4,2
9582,Swansea,4,1,Aston Villa,47.6,52.4,8,3,11,11,591,610,372,415,8,11,35,25,9,6,5,1
9583,West Brom,1,0,West Ham,43.3,56.7,6,3,19,9,482,568,273,363,9,10,37,33,7,6,2,0
9580,Southampton,2,0,Everton,53.1,46.9,4,2,14,9,745,669,515,436,28,20,31,26,4,7,1,5
9577,Man City,3,1,West Brom,69,31,6,3,19,10,883,496,684,295,21,26,17,19,8,2,3,3
9574,Everton,2,0,Man Utd,38.7,61.3,5,2,17,9,590,794,370,598,23,17,39,32,6,5,2,4
9575,Hull,0,3,Arsenal,42.4,57.6,4,6,13,12,652,849,434,618,22,19,29,48,7,0,5,2
9576,Norwich,2,3,Liverpool,42.5,57.5,5,6,13,14,594,798,365,539,23,36,9,52,8,3,0,1
9570,Chelsea,1,2,Sunderland,61.8,38.2,15,3,31,7,709,507,472,289,17,16,31,46,10,4,1,1
9568,Aston Villa,0,0,Southampton,31.6,68.4,1,2,6,3,456,793,263,614,18,17,21,27,5,3,5,3
9569,Cardiff City,1,1,Stoke,43.3,56.7,4,5,13,15,599,714,388,516,14,19,25,25,12,7,3,0
9571,Newcastle,1,2,Swansea,47.2,52.8,4,2,14,10,664,709,440,478,24,17,32,42,2,8,1,5
9573,West Ham,0,1,Crystal Palace,65.3,34.7,4,3,13,11,676,471,428,220,16,22,35,74,3,11,1,1
9572,Spurs,3,1,Fulham,62.2,37.8,5,4,14,11,810,566,583,352,23,25,32,36,4,5,2,4
9566,Everton,2,3,Crystal Palace,69.1,30.9,5,4,17,7,813,474,576,251,21,33,17,38,13,3,0,3
9567,Man City,2,2,Sunderland,56.8,43.2,4,3,16,11,762,613,546,404,31,20,25,14,3,6,0,1
9565,Arsenal,3,1,West Ham,61.4,38.6,8,2,14,12,806,562,580,355,14,20,31,35,4,3,2,2
9564,Swansea,0,1,Chelsea,38.2,61.8,4,3,7,26,543,786,348,583,19,9,30,22,5,12,1,3
9563,Liverpool,3,2,Man City,46.6,53.4,4,5,10,13,652,680,412,465,20,24,45,18,7,7,5,1
9557,Crystal Palace,1,0,Aston Villa,42.9,57.1,4,4,14,7,583,667,331,457,22,25,31,36,2,4,3,0
9558,Fulham,1,0,Norwich,45.1,54.9,3,4,14,14,589,677,365,442,27,17,35,24,8,8,0,3
9559,Southampton,0,1,Cardiff,67.5,32.5,7,4,19,6,886,518,687,325,13,22,11,40,5,5,0,2
9560,Stoke,1,0,Newcastle,48.9,51.1,3,1,10,13,664,698,441,472,17,19,40,25,4,5,2,1
9561,Sunderland,0,1,Everton,46.6,53.4,6,3,24,20,554,601,336,385,14,14,26,29,6,6,3,0
9562,West Brom,3,3,Spurs,32.4,67.6,5,8,6,20,450,714,232,509,21,18,37,25,2,2,3,3
9556,Spurs,5,1,Sunderland,60.9,39.1,11,4,29,8,701,523,500,319,18,17,12,25,8,2,2,4
9555,West Ham,1,2,Liverpool,36.2,63.8,1,8,11,17,540,821,322,619,22,16,35,47,4,4,0,0
9554,Everton,3,0,Arsenal,42.8,57.2,7,5,14,15,640,792,431,578,15,16,23,33,3,6,2,3
9549,Chelsea,3,0,Stoke,51.2,48.8,8,2,18,4,719,662,491,459,27,31,23,31,7,3,1,1
9547,Aston Villa,1,2,Fulham,50.1,49.9,6,8,12,16,612,609,410,410,12,15,35,34,2,7,0,1
9548,Cardiff,0,3,Crystal Palace,63.1,36.9,3,8,13,13,722,531,506,303,12,21,24,59,10,3,0,0
9550,Hull,1,0,Swansea,43.1,56.9,4,2,8,12,570,703,341,469,14,21,36,46,7,2,2,0
9552,Newcastle,0,4,Man Utd,43.6,56.4,4,4,14,8,569,722,378,501,18,13,25,36,4,5,0,2
9553,Norwich,0,1,West Brom,68.8,31.2,4,5,12,8,722,446,528,234,13,26,8,45,7,3,1,2
9551,Man City,4,1,Southampton,43.6,56.4,8,1,15,5,608,740,425,545,19,10,31,29,5,9,1,1
9546,Sunderland,1,2,West Ham,60.6,39.4,7,6,26,11,671,509,443,280,25,13,24,48,8,3,1,1
9545,Liverpool,4,0,Spurs,58.6,41.4,5,4,11,15,714,544,527,364,24,11,21,23,5,7,2,1
9544,Fulham,1,3,Everton,38.2,61.8,8,7,23,14,538,758,296,499,35,9,40,28,5,6,8,1
9537,Arsenal,1,1,Man City,47.8,52.2,3,4,9,15,723,743,491,547,12,21,38,27,6,6,2,0
9538,Crystal Palace,1,0,Chelsea,33,67,4,2,14,21,481,712,221,471,21,18,61,33,2,13,1,3
9540,Southampton,4,0,Newcastle,52.5,47.5,11,2,23,5,674,631,487,443,25,14,12,17,7,5,2,0
9541,Stoke,1,0,Hull,55.9,44.1,3,3,15,5,722,626,522,407,24,15,23,40,8,1,3,1
9542,Swansea,3,0,Norwich,58.7,41.3,7,4,16,8,739,553,539,372,15,19,22,24,7,4,1,2
9543,West Brom,3,3,Cardiff,41.7,58.3,6,5,16,11,541,669,314,457,21,16,30,26,4,1,2,2
9539,Man Utd,4,1,Aston Villa,55.9,44.1,6,1,9,10,676,561,476,372,18,24,34,18,0,5,2,2
9535,Liverpool,2,1,Sunderland,61,39,7,4,21,12,824,536,587,349,17,28,32,17,3,4,2,2
9536,West Ham,2,1,Hull,43.6,56.4,3,3,10,9,569,682,367,478,18,20,33,26,4,5,2,3
9532,Arsenal,2,2,Swansea,60.5,39.5,4,2,13,8,903,665,689,454,16,21,23,61,7,0,0,3
9533,Man Utd,0,3,Man City,52.7,47.3,4,4,10,13,756,705,545,491,16,15,33,24,5,8,1,3
9534,Newcastle,0,3,Everton,54.7,45.3,2,6,16,8,709,630,492,403,23,27,23,36,9,8,2,0
9530,Aston Villa,1,4,Stoke,50.4,49.6,3,5,12,10,668,673,464,479,20,14,15,36,5,3,2,4
9531,Spurs,3,2,Southampton,51.1,48.9,6,4,15,12,666,682,420,414,20,28,33,60,7,3,1,8
9529,West Ham,0,2,Man Utd,44.8,55.2,1,7,10,16,587,705,365,484,16,16,27,53,12,7,0,2
9522,Cardiff City,3,6,Liverpool,33.4,66.6,3,9,9,19,497,849,301,650,21,22,15,28,4,6,0,1
9524,Everton,3,2,Swansea,40.7,59.3,6,7,9,21,622,815,400,594,23,19,39,14,5,12,0,1
9525,Hull,2,0,West Brom,43.2,56.8,5,4,12,16,520,615,300,392,23,14,36,14,4,5,3,1
9526,Man City,5,0,Fulham,67.6,32.4,12,0,22,6,810,462,619,299,17,16,21,24,13,2,0,2
9527,Newcastle,1,0,Crystal Palace,72.7,27.3,8,1,21,8,942,482,712,251,17,31,25,32,9,5,1,5
9528,Norwich,2,0,Sunderland,54.1,45.9,8,2,15,9,628,561,436,368,12,18,23,24,8,5,0,0
9523,Chelsea,6,0,Arsenal,52.9,47.1,11,5,21,11,712,668,517,457,15,19,24,23,7,1,6,2
9521,Spurs,0,1,Arsenal,59,41,2,3,18,7,674,589,471,330,13,21,14,64,5,2,3,4
9520,Man Utd,0,3,Liverpool,XX-XX-,XX-XX,XX-XX-,-XX-XX,XX-XX-,XX-XX,XX-XX-,XX-XX,XX-XX-,XX-XX,XX-XX-,XX-XX,XX-XX-,XX-XX,XX-XX-,XX-XX,XX-XX-,XX-XX
9512,Aston Villa,1,0,Chelsea,38.6,61.4,4,2,13,15,522,721,300,497,26,8,42,23,4,5,3,7
9513,Everton,2,1,Cardiff City,67.7,32.3,6,3,19,10,793,482,540,250,24,25,19,34,10,5,1,3
9514,Fulham,1,0,Newcastle,38.9,61.1,3,3,12,12,516,694,277,440,23,22,39,30,9,7,6,1
9516,Southampton,4,2,Norwich,63.1,36.9,6,3,17,6,786,508,567,325,17,25,25,20,6,1,3,1
9517,Stoke,3,1,West Ham,54.7,45.3,9,2,16,8,606,520,375,305,24,14,42,30,6,4,1,3
9518,Sunderland,0,0,Crystal Palace,64.5,35.5,2,5,19,12,624,473,437,244,18,11,12,51,6,2,3,0
9519,Swansea,1,2,West Brom,62,38,4,4,14,13,880,600,655,400,17,20,22,30,4,1,4,0
9515,Hull,0,2,Man City,54.3,45.7,5,3,15,8,749,631,530,456,10,14,33,31,3,4,6,0
9508,Chelsea,4,0,Spurs,53.6,46.4,4,2,12,6,658,597,471,395,25,21,20,21,5,4,6,2
9507,Cardiff City,3,1,Fulham,46.4,53.6,9,6,19,14,625,675,391,458,13,23,43,38,7,6,0,2
9509,Crystal Palace,0,1,Southampton,35.7,64.3,1,3,6,11,510,751,255,496,24,27,35,66,8,3,7,1
9510,Norwich,1,1,Stoke,52.5,47.5,5,3,13,6,599,563,403,368,14,20,24,42,3,1,0,1
9511,West Brom,0,3,Man Utd,45,55,3,5,14,14,602,701,366,461,19,26,31,44,3,5,2,1
9504,Aston Villa,4,1,Norwich,55.1,44.9,4,4,10,7,700,605,489,399,25,19,21,36,6,2,1,2
9505,Swansea,1,1,Crystal Palace,68.7,31.3,5,3,7,6,928,528,718,316,25,22,22,23,1,4,3,0
9506,Spurs,1,0,Cardiff City,60.4,39.6,6,2,15,8,768,546,541,345,19,19,38,32,4,7,2,5
9502,Southampton,0,3,Liverpool,57.3,42.7,2,5,13,12,787,630,538,399,33,26,35,33,3,6,2,1
9499,Everton,1,0,West Ham,68.9,31.1,3,1,22,7,706,404,474,193,16,17,31,48,11,5,1,1
9500,Fulham,1,3,Chelsea,41.9,58.1,3,8,7,17,537,712,335,489,13,15,28,42,5,4,1,4
9501,Hull,1,4,Newcastle,48.4,51.6,3,7,13,17,573,636,372,411,21,12,14,54,6,3,1,3
9503,Stoke,1,0,Arsenal,43.4,56.6,4,2,8,10,634,791,417,553,19,13,29,49,3,4,5,0
9498,Norwich,1,0,Spurs,40.9,59.1,3,2,13,9,577,719,362,526,26,22,37,16,5,3,3,1
9496,Liverpool,4,3,Swansea,53.4,46.6,10,4,21,14,736,666,524,445,25,21,19,20,3,5,2,0
9497,Newcastle,1,0,Aston Villa,54.7,45.3,5,2,23,10,672,564,414,349,22,20,30,34,10,1,5,3
9492,Crystal Palace,0,2,Man Utd,33.5,66.5,6,5,15,14,518,883,321,666,16,14,20,44,6,4,2,3
9489,Arsenal,4,1,Sunderland,64.8,35.2,9,3,12,7,848,530,691,371,13,15,16,19,7,3,0,4
9490,Cardiff City,0,4,Hull,56.2,43.8,5,6,23,11,688,567,444,368,11,26,19,45,9,2,2,3
9493,Man City,1,0,Stoke,74.1,25.9,7,2,19,7,878,422,697,231,20,16,21,36,8,3,0,3
9494,West Brom,1,1,Fulham,63.4,36.6,5,3,16,7,722,529,495,287,18,29,16,64,8,2,1,3
9495,West Ham,3,1,Southampton,31.5,68.5,5,5,10,26,454,799,234,561,19,12,30,43,5,11,1,1
9491,Chelsea,1,0,Everton,46.6,53.4,8,2,25,8,658,702,403,455,23,29,34,40,8,8,2,2
9486,Fulham,2,3,Liverpool,31.1,68.9,3,7,10,21,471,882,276,655,15,20,31,59,7,5,0,0
9485,Arsenal,0,0,Man Utd,57.4,42.6,5,2,17,6,816,637,563,410,23,27,39,40,5,5,1,2
9487,Newcastle,0,4,Spurs,49.3,50.7,5,8,13,15,651,680,439,460,19,21,13,38,8,6,3,0
9488,Stoke,1,1,Swansea,35.7,64.3,4,2,7,14,538,826,307,553,30,25,27,39,2,5,0,1
9483,West Brom,1,1,Chelsea,40.1,59.9,1,4,13,15,538,712,316,489,24,17,25,38,5,8,1,1
9481,Cardiff,0,0,Aston Villa,45.4,54.6,3,6,12,18,591,643,325,393,16,24,49,35,7,9,4,3
9482,Hull,0,1,Southampton,37.5,62.5,4,7,12,16,600,850,356,606,25,27,19,34,2,2,3,3
9484,West Ham,2,0,Norwich,48.2,51.8,7,6,12,13,566,612,332,365,21,21,61,65,5,5,2,0
9479,Man Utd,2,2,Fulham,75.4,24.6,9,3,31,6,904,435,650,216,10,17,24,89,10,1,5,0
9480,Spurs,1,0,Everton,45.8,54.2,2,3,8,10,595,668,354,427,25,37,18,30,9,7,0,4
9478,Swansea,3,0,Cardiff,62,38,6,1,17,7,805,557,580,359,28,18,37,20,5,1,1,2
9471,Aston Villa,0,2,West Ham,67.8,32.2,1,2,16,10,721,461,523,231,8,11,22,69,8,10,2,4
9472,Chelsea,3,0,Newcastle,59,41,8,6,18,12,735,570,511,352,33,20,28,26,6,5,2,0
9473,Crystal Palace,3,1,West Brom,34,66,6,7,10,17,494,740,254,497,18,29,36,24,4,7,1,1
9475,Norwich,0,0,Man City,32.4,67.6,2,2,7,15,477,828,286,619,14,15,47,31,4,14,2,1
9476,Southampton,2,2,Stoke,60.4,39.6,5,4,18,5,744,539,503,316,23,21,39,33,7,4,0,4
9477,Sunderland,0,2,Hull,43.8,56.2,3,9,7,25,590,713,408,532,10,12,21,17,2,6,1,3
9474,Liverpool,5,1,Arsenal,42.7,57.3,12,6,22,11,608,755,373,497,35,16,37,38,6,6,4,0
9470,Man City,0,1,Chelsea,65.3,34.7,3,6,24,18,730,511,480,255,33,15,29,56,12,6,0,4
9468,Arsenal,2,0,Crystal Palace,73,27,6,2,11,10,1012,485,785,273,22,31,33,19,6,5,0,3
9469,West Brom,1,1,Liverpool,49.7,50.3,4,3,12,12,667,696,429,435,22,20,26,37,3,4,0,2
9461,Cardiff,2,1,Norwich,49.2,50.8,4,6,13,27,640,641,383,383,23,18,52,39,7,14,2,2
9462,Everton,2,1,Aston Villa,71,29,6,1,13,4,790,403,575,239,14,18,30,31,13,1,9,3
9463,Fulham,0,3,Southampton,39.1,60.9,4,5,8,17,584,778,351,546,21,20,44,34,4,5,5,2
9464,Hull,1,1,Spurs,38.4,61.6,4,3,9,19,507,704,297,485,16,14,29,33,4,10,4,5
9466,Stoke,2,1,Man Utd,37.7,62.3,4,4,13,19,516,698,266,442,18,24,48,42,7,10,3,3
9465,Newcastle,0,3,Sunderland,51,49,10,5,28,16,541,542,316,316,23,16,18,28,7,3,2,0
9467,West Ham,2,0,Swansea,35,65,4,0,11,20,504,748,268,504,25,15,58,38,8,11,0,2
9457,Aston Villa,4,3,West Brom,43.7,56.3,6,4,10,12,549,691,358,476,23,22,14,26,3,3,8,7
9458,Chelsea,0,0,West Ham,72.4,27.6,9,1,39,1,781,407,555,191,14,16,22,52,13,3,2,1
9459,Sunderland,1,0,Stoke,48.1,51.9,6,5,16,15,621,618,402,429,23,26,32,11,2,3,1,0
9460,Spurs,1,5,Man City,34.2,65.8,2,10,4,24,526,869,329,655,23,34,18,14,3,5,2,2
9451,Crystal Palace,1,0,Hull,37.5,62.5,3,4,13,13,512,715,290,493,18,17,46,43,8,3,1,2
9452,Liverpool,4,0,Everton,39.1,60.9,9,4,20,19,567,752,339,519,25,22,44,18,5,8,1,0
9453,Man Utd,2,0,Cardiff,46.2,53.8,5,1,17,7,647,710,463,532,23,10,36,21,5,5,4,2
9454,Norwich,0,0,Newcastle,46.2,53.8,2,3,9,21,538,621,315,372,15,16,33,26,7,7,2,3
9455,Southampton,2,2,Arsenal,52.6,47.4,5,4,13,7,745,725,522,480,29,18,30,35,7,5,2,2
9456,Swansea,2,0,Fulham,61.9,38.1,6,4,14,15,831,592,630,385,18,12,22,42,5,8,0,2
9450,West Brom,1,1,Everton,50.1,49.9,6,4,14,13,698,678,429,442,23,16,54,39,4,2,2,2
9448,Chelsea,3,1,Man Utd,43.9,56.1,6,4,13,10,581,663,356,435,22,27,51,32,5,4,2,2
9449,Swansea,1,3,Spurs,56.2,43.8,3,5,13,11,857,720,648,504,22,30,18,22,8,2,2,2
9443,Liverpool,2,2,Aston Villa,55.8,44.2,6,3,14,12,693,524,451,335,16,20,54,28,2,3,3,1
9441,Arsenal,2,0,Fulham,58.7,41.3,8,2,22,8,900,662,684,478,18,16,26,28,4,4,1,1
9442,Crystal Palace,1,0,Stoke,43.7,56.3,6,2,12,17,582,689,344,454,20,23,45,38,4,3,2,2
9444,Man City,4,2,Cardiff,62.2,37.8,9,6,24,7,788,542,589,340,16,17,24,34,10,7,3,3
9445,Norwich,1,0,Hull,56.2,43.8,4,0,25,10,655,547,421,325,11,22,29,39,10,8,1,1
9447,West Ham,1,3,Newcastle,48.3,51.7,3,8,12,19,590,685,362,413,23,20,36,72,4,3,4,3
9446,Sunderland,2,2,Southampton,36.5,63.5,5,8,10,17,528,797,307,553,23,16,22,48,4,7,5,1
9440,Aston Villa,1,2,Arsenal,36,64,5,4,11,8,552,898,364,676,22,25,21,54,3,5,4,5
9439,Stoke,3,5,Liverpool,51,49,4,9,13,13,658,651,412,433,13,23,25,48,11,2,1,0
9438,Newcastle,0,2,Man City,54.4,45.6,5,6,13,14,664,587,439,373,16,23,29,53,5,6,3,4
9435,Man Utd,2,0,Swansea,38.6,61.4,5,2,16,13,632,867,418,677,9,25,24,22,3,5,1,0
9431,Cardiff,0,2,West Ham,63,37,7,3,19,10,705,484,484,278,7,14,41,55,8,7,1,1
9432,Everton,2,0,Norwich,62.4,37.6,5,2,23,11,765,516,522,312,20,14,24,36,10,5,2,2
9433,Fulham,1,4,Sunderland,58.9,41.1,5,6,17,10,664,500,463,321,17,18,24,24,10,6,3,0
9436,Southampton,1,0,West Brom,61.6,38.4,5,2,18,4,792,564,579,348,16,22,36,32,4,4,3,8
9437,Spurs,2,0,Crystal Palace,68.4,31.6,4,2,10,14,857,497,642,281,18,20,34,33,5,11,1,1
9434,Hull,0,2,Chelsea,44.4,55.6,2,5,10,14,586,710,381,483,20,14,32,42,1,7,2,0
9425,Man Utd,1,2,Spurs,61.1,38.9,6,4,17,9,759,564,509,342,16,23,24,45,13,2,2,2
9421,Arsenal,2,0,Cardiff,68.1,31.9,6,2,28,8,863,466,624,288,9,13,35,32,12,2,3,3
9422,Crystal Palace,1,1,Norwich,45.1,54.9,4,5,13,8,527,608,300,388,21,13,24,40,9,4,0,1
9423,Fulham,2,1,West Ham,67.7,32.3,11,3,30,11,783,448,564,256,15,6,37,32,12,4,4,4
9424,Liverpool,2,0,Hull,58.2,41.8,6,0,17,10,762,572,553,381,7,18,44,9,3,4,1,2
9426,Southampton,0,3,Chelsea,54.4,45.6,2,5,12,11,714,628,479,403,18,35,28,32,6,8,1,7
9427,Stoke,1,1,Everton,39.5,60.5,4,4,10,16,540,754,325,508,22,21,22,18,2,5,1,1
9428,Sunderland,0,1,Aston Villa,64.8,35.2,1,5,17,13,707,479,523,285,17,19,9,28,10,2,4,1
9430,West Brom,1,0,Newcastle,46.2,53.8,4,3,13,9,612,684,415,479,15,19,28,24,3,4,4,2
9429,Swansea,2,3,Man City,52.2,47.8,4,4,16,14,711,658,486,453,14,16,36,34,8,6,3,3
9417,Chelsea,2,1,Liverpool,52.1,47.9,5,4,11,8,637,620,423,375,19,30,21,41,4,2,1,1
9420,Spurs,3,0,Stoke,67.5,32.5,7,1,20,2,839,488,616,292,17,24,16,37,6,1,0,4
9418,Everton,2,1,Southampton,44.1,55.9,4,2,9,12,596,654,353,449,26,18,35,14,2,3,3,3
9419,Newcastle,0,1,Arsenal,47.3,52.7,3,5,11,11,682,772,467,531,23,20,27,55,4,1,1,1
9412,Cardiff,2,2,Sunderland,44.1,55.9,7,9,16,21,563,667,367,465,12,13,30,15,6,6,0,2
9411,Aston Villa,1,1,Swansea,27,73,3,3,7,17,444,932,254,730,22,7,32,28,2,8,1,2
9413,Hull,6,0,Fulham,52.7,47.3,13,2,21,5,694,675,495,465,19,17,12,43,6,1,0,0
9414,Man City,1,0,Crystal Palace,76.3,23.7,4,4,23,9,996,442,803,236,18,20,17,34,12,5,0,0
9415,Norwich,0,1,Man Utd,45.1,54.9,4,3,15,7,597,750,396,492,18,14,25,66,8,3,0,2
9416,West Ham,3,3,West Brom,46.5,53.5,6,7,16,22,544,617,345,409,17,14,30,36,6,5,4,3
9406,Man City,2,1,Liverpool,51.9,48.1,6,5,20,12,703,696,505,467,22,13,27,40,7,6,1,3
9401,Aston Villa,0,1,Crystal Palace,64.7,35.3,4,7,10,12,697,493,497,263,16,14,20,49,7,5,2,4
9402,Cardiff City,0,3,Southampton,39.6,60.4,0,6,9,11,527,740,330,530,13,26,23,37,6,3,2,2
9403,Chelsea,1,0,Swansea,45.5,54.5,7,1,19,8,633,715,403,485,19,14,24,33,13,7,1,2
9404,Everton,0,1,Sunderland,54.7,45.3,9,6,25,13,650,570,444,383,11,17,21,26,11,2,2,1
9407,Newcastle,5,1,Stoke,57.8,42.2,8,2,27,11,680,531,477,359,16,15,10,29,8,2,0,0
9408,Norwich,1,2,Fulham,50.2,49.8,4,7,13,15,594,615,393,400,13,13,31,42,5,4,3,2
9409,Spurs,1,1,West Brom,64.1,35.9,3,4,20,7,751,498,508,286,18,25,21,41,12,2,4,4
9410,West Ham,1,3,Arsenal,33.7,66.3,5,8,12,29,484,793,271,556,8,16,36,50,0,10,3,2
9405,Hull,2,3,Man Utd,38.8,61.2,5,4,17,13,514,759,325,537,23,6,22,54,6,5,0,0
9400,Arsenal,0,0,Chelsea,61.4,38.6,2,4,7,13,760,532,544,340,17,17,42,36,8,6,3,2
9399,Swansea,1,2,Everton,54.5,45.5,3,6,13,14,699,611,503,408,18,17,29,32,4,8,3,1
9398,Southampton,2,3,Spurs,57.2,42.8,5,3,12,13,781,621,517,378,30,26,36,27,2,5,3,3
9391,Crystal Palace,0,3,Newcastle,33.1,66.9,4,6,9,13,491,813,283,583,26,26,22,24,3,7,4,4
9392,Fulham,2,4,Man City,46.1,53.9,5,10,12,17,670,735,460,540,18,14,29,32,4,4,4,2
9394,Man Utd,3,1,West Ham,61.8,38.2,8,1,21,4,704,463,519,309,11,12,30,21,8,2,3,2
9395,Stoke,2,1,Aston Villa,53.5,46.5,2,4,12,14,517,455,288,256,16,22,32,19,6,7,3,3
9396,Sunderland,0,0,Norwich,58.8,41.2,4,5,18,14,685,532,489,325,12,25,14,33,6,7,1,1
9397,West Brom,1,1,Hull,60.4,39.6,3,3,14,6,710,511,499,330,16,17,21,17,9,2,1,2
9393,Liverpool,3,1,Cardiff City,68.9,31.1,7,3,27,10,878,484,638,266,21,28,34,28,9,5,2,1
9390,Spurs,0,5,Liverpool,43.2,56.8,0,10,9,21,589,714,361,497,21,23,31,34,2,9,0,4
9388,Aston Villa,0,3,Man Utd,44,56,6,5,17,14,588,730,394,511,21,15,17,38,3,4,2,2
9389,Norwich,1,1,Swansea,37.5,62.5,3,2,16,10,563,826,348,608,19,23,15,44,8,5,1,1
9384,Hull,0,0,Stoke,46.2,53.8,4,2,13,11,655,734,429,507,15,22,32,53,7,5,2,4
9381,Cardiff City,1,0,West Brom,48.2,51.8,3,2,11,12,521,549,307,333,13,24,42,32,8,6,5,9
9382,Chelsea,2,1,Crystal Palace,69.7,30.3,7,5,16,10,843,487,606,252,24,33,36,35,3,1,2,2
9383,Everton,4,1,Fulham,57.5,42.5,7,3,22,16,730,594,529,393,16,21,18,25,12,2,0,3
9386,Newcastle,1,1,Southampton,39.8,60.2,5,3,16,8,569,714,319,507,21,22,28,35,11,3,7,6
9387,West Ham,0,0,Sunderland,41.3,58.7,2,6,11,19,522,636,296,419,22,22,34,15,2,9,0,1
9385,Man City,6,3,Arsenal,52.4,47.6,7,6,22,12,694,657,479,419,22,22,27,29,8,8,2,4
9380,Swansea,1,1,Hull,65.7,34.3,2,2,11,9,921,591,713,376,17,26,19,50,12,1,2,2
9378,Arsenal,1,1,Everton,44.1,55.9,5,4,11,12,621,731,403,515,20,14,28,27,3,2,2,1
9379,Fulham,2,0,Aston Villa,52.9,47.1,10,2,22,10,661,618,428,375,20,22,43,53,4,7,2,1
9376,Sunderland,1,2,Spurs,47,53,4,5,11,22,618,713,419,488,28,20,13,25,4,10,2,1
9371,Crystal Palace,2,0,Cardiff City,43.7,56.3,5,2,19,10,544,609,285,381,22,13,53,58,8,3,2,1
9372,Liverpool,4,1,West Ham,63.9,36.1,9,1,32,8,812,530,540,289,18,28,39,34,8,4,2,1
9374,Southampton,1,1,Man City,54.7,45.3,4,3,15,13,681,599,431,357,20,28,38,32,5,4,6,2
9375,Stoke,3,2,Chelsea,42.9,57.1,3,6,9,15,566,725,361,512,21,14,21,30,5,2,2,0
9377,West Brom,0,2,Norwich,63.8,36.2,12,3,26,8,756,526,524,302,15,11,23,42,10,3,1,0
9373,Man Utd,0,1,Newcastle,47.1,52.9,4,3,8,9,609,678,374,438,23,29,32,22,4,4,2,2
9363,Fulham,1,2,Spurs,39.4,60.6,6,5,16,18,578,755,321,533,23,15,36,34,9,7,4,0
9370,West Brom,2,3,Man City,41.9,58.1,1,5,12,15,604,773,408,571,26,22,19,28,3,3,2,1
9362,Arsenal,2,0,Hull,66.6,33.4,7,2,20,7,1001,566,803,389,11,21,25,17,11,1,1,2
9364,Liverpool,5,1,Norwich,61.8,38.2,12,5,28,14,822,561,603,356,23,18,25,18,4,0,2,0
9365,Man Utd,0,1,Everton,52,48,6,4,18,15,707,669,460,437,17,23,29,49,7,4,1,2
9366,Southampton,2,3,Aston Villa,78.1,21.9,9,3,21,6,930,397,710,196,16,24,11,35,8,2,3,6
9367,Stoke,0,0,Cardiff City,59.2,40.8,2,3,17,14,720,556,478,320,15,16,19,47,2,5,6,3
9368,Sunderland,3,4,Chelsea,45,55,3,5,12,19,579,713,391,500,17,17,20,36,6,5,0,0
9369,Swansea,3,0,Newcastle,65.4,34.6,5,3,13,14,957,600,744,384,17,27,25,22,5,1,1,0
9361,Crystal Palace,1,0,West Ham,37,63,5,2,10,11,498,705,265,457,21,24,61,43,3,4,2,6
9357,Chelsea,3,1,Southampton,51,49,7,1,16,9,647,616,367,358,34,29,31,47,8,4,7,1
9359,Man City,3,0,Swansea,45.5,54.5,7,4,22,9,681,762,495,596,14,19,17,17,5,4,3,2
9358,Hull,3,1,Liverpool,38.5,61.5,4,4,12,9,564,786,355,576,25,14,30,41,2,6,3,0
9360,Spurs,2,2,Man Utd,40,60,4,3,10,8,525,686,304,463,24,22,20,40,7,7,2,1
9354,Newcastle,2,1,West Brom,53.1,46.9,6,1,14,14,644,628,447,397,23,18,22,43,3,3,4,0
9351,Aston Villa,0,0,Sunderland,50.9,49.1,4,1,13,7,627,601,432,419,10,15,16,23,7,6,2,5
9352,Cardiff City,0,3,Arsenal,43.5,56.5,4,6,10,15,600,761,422,561,11,17,18,38,3,3,2,1
9353,Everton,4,0,Stoke,54,46,12,3,22,4,716,619,479,409,18,30,25,25,9,3,3,4
9355,Norwich,1,0,Crystal Palace,60,40,3,3,10,13,724,544,511,336,13,18,33,35,5,4,1,2
9356,West Ham,3,0,Fulham,48.3,51.7,12,0,23,10,598,627,365,411,23,11,41,43,6,3,3,1
9350,West Brom,2,2,Aston Villa,51.4,48.6,4,7,11,15,675,609,439,420,10,20,56,33,4,2,6,5
9348,Cardiff City,2,2,Man Utd,49.9,50.1,4,5,14,16,598,619,383,391,20,22,25,46,2,8,0,3
9349,Man City,6,0,Spurs,46.9,53.1,10,5,15,13,661,685,451,503,26,23,32,12,4,7,1,5
9347,West Ham,0,3,Chelsea,44.9,55.1,1,8,8,20,617,695,388,490,18,21,41,39,8,4,3,2
9341,Arsenal,2,0,Southampton,49.3,50.7,4,4,9,10,724,699,478,492,21,34,35,26,5,6,11,7
9343,Fulham,1,2,Swansea,36.7,63.3,3,5,9,21,575,853,365,643,15,19,39,21,8,8,2,0
9344,Hull,0,1,Crystal Palace,62.3,37.7,2,2,15,9,717,566,506,315,18,13,17,69,11,4,2,2
9345,Newcastle,2,1,Norwich,48.8,51.2,5,2,21,10,677,657,457,476,18,19,38,25,6,5,2,1
9346,Stoke,2,0,Sunderland,49.9,50.1,5,3,17,11,626,644,455,459,15,6,19,24,3,7,2,2
9342,Everton,3,3,Liverpool,50.7,49.3,12,5,18,11,639,613,384,378,24,29,31,39,6,7,1,4
9337,Man Utd,1,0,Arsenal,40.5,59.5,2,2,5,10,606,783,354,539,29,29,49,37,5,6,2,2
9339,Swansea,3,3,Stoke,65.1,34.9,6,3,17,6,767,493,538,292,18,28,8,35,14,3,3,0
9338,Sunderland,1,0,Man City,36.9,63.1,2,4,5,24,567,836,378,635,18,11,37,11,0,14,0,2
9340,Spurs,0,1,Newcastle,65.3,34.7,14,4,31,8,733,509,472,256,20,29,31,47,11,4,2,8
9335,Norwich,3,1,West Ham,46.9,53.1,6,4,15,12,594,654,405,457,20,16,34,33,4,2,0,6
9331,Aston Villa,2,0,Cardiff City,43.1,56.9,6,2,17,8,543,695,341,461,22,15,24,37,5,3,5,7
9332,Chelsea,2,2,West Brom,67.8,32.2,7,3,17,11,844,518,630,294,22,22,18,48,9,4,3,0
9333,Crystal Palace,0,0,Everton,27.2,72.8,2,2,9,15,423,837,222,622,21,15,29,24,4,7,4,1
9334,Liverpool,4,0,Fulham,67.3,32.7,10,1,32,4,934,567,722,334,25,20,18,27,9,3,4,2
9336,Southampton,4,1,Hull,60.5,39.5,7,2,15,10,770,539,561,356,12,22,38,15,6,5,3,6
9329,Cardiff,1,0,Swansea,45.3,54.7,3,3,9,10,615,706,429,520,18,15,26,19,6,3,3,5
9330,Everton,0,0,Spurs,52.2,47.8,1,6,8,16,634,597,408,374,18,17,27,30,7,4,2,0
9321,Arsenal,2,0,Liverpool,54.4,45.6,7,4,12,12,837,746,614,510,34,27,17,28,3,5,1,4
9322,Fulham,1,3,Man Utd,47,53,6,4,15,10,675,743,451,517,25,25,24,40,4,4,2,1
9323,Hull,1,0,Sunderland,70,30,2,1,25,9,770,435,574,245,11,18,9,42,4,2,3,0
9324,Man City,7,0,Norwich,68.3,31.7,9,1,27,7,953,522,769,352,12,14,16,17,10,3,1,0
9326,Stoke,1,1,Southampton,39.2,60.8,3,2,9,10,548,747,325,508,23,14,23,28,5,5,0,2
9327,West Brom,2,0,Crystal Palace,49.8,50.2,4,4,9,12,628,660,415,437,17,23,24,37,10,3,2,0
9328,West Ham,0,0,Aston Villa,59.4,40.6,4,2,17,8,761,561,536,375,6,24,30,45,5,1,0,1
9325,Newcastle,2,0,Chelsea,39.1,60.9,8,2,15,13,563,741,344,535,10,18,48,32,3,8,3,4
9317,Chelsea,2,1,Man City,45.5,54.5,4,6,12,15,623,670,396,480,26,22,31,20,3,6,4,2
9319,Swansea,0,0,West Ham,67,33,5,4,10,15,797,481,578,275,17,12,32,33,9,6,2,2
9320,Spurs,1,0,Hull,66.2,33.8,6,4,15,10,768,462,542,268,19,27,28,23,6,4,1,1
9318,Sunderland,2,1,Newcastle,48.3,51.7,4,4,8,16,542,591,341,375,16,8,42,34,5,3,4,2
9316,Southampton,2,0,Fulham,66.2,33.8,6,0,20,1,840,532,634,312,28,16,21,30,10,3,4,3
9311,Aston Villa,0,2,Everton,46.9,53.1,3,4,14,15,596,675,383,447,15,26,17,39,8,6,2,3
9313,Liverpool,4,1,West Brom,54.8,45.2,7,3,18,15,737,608,514,416,21,18,26,18,3,9,1,0
9314,Man Utd,3,2,Stoke,66.7,33.3,5,5,19,10,800,475,565,282,11,18,22,39,12,2,2,0
9315,Norwich,0,0,Cardiff,60.5,39.5,10,4,31,6,746,565,518,338,9,17,16,56,13,2,2,3
9312,Crystal Palace,0,2,Arsenal,37.5,62.5,4,4,13,10,601,880,386,665,25,26,24,21,4,3,2,2
9310,Crystal Palace,1,4,Fulham,45.9,54.1,4,6,14,9,581,664,374,453,22,27,11,31,5,7,2,1
9309,Aston Villa,0,2,Spurs,37.1,62.9,2,6,15,13,537,746,310,531,17,18,29,22,4,7,2,1
9308,West Ham,1,3,Man City,37.9,62.1,2,9,11,16,544,804,344,604,18,22,19,37,5,5,1,1
9301,Arsenal,4,1,Norwich,56.3,43.7,11,6,20,12,828,695,637,503,21,13,12,28,10,1,1,2
9302,Chelsea,4,1,Cardiff,64.9,35.1,7,3,20,13,753,476,554,280,15,14,33,31,6,9,3,1
9303,Everton,2,1,Hull,66.9,33.1,6,1,14,9,848,496,633,304,19,24,28,25,5,7,1,1
9304,Man Utd,1,1,Southampton,46.4,53.6,5,7,12,18,656,664,393,454,18,27,48,23,4,4,8,2
9306,Stoke,0,0,West Brom,49.7,50.3,3,5,9,12,607,639,401,399,20,14,25,30,6,6,2,2
9307,Swansea,4,0,Sunderland,63.9,36.1,6,1,14,6,792,511,628,347,10,20,12,16,7,2,2,5
9305,Newcastle,2,2,Liverpool,37.7,62.3,4,7,14,23,536,777,327,555,21,17,38,31,3,13,0,2
9299,Spurs,0,3,West Ham,60.8,39.2,4,5,14,16,709,530,502,321,19,27,16,25,6,7,3,3
9300,West Brom,1,1,Arsenal,44.1,55.9,4,5,12,14,622,728,410,539,15,22,23,29,6,2,4,2
9297,Norwich,1,3,Chelsea,44.8,55.2,3,8,14,22,581,691,405,506,14,16,23,22,4,6,1,2
9298,Southampton,2,0,Swansea,42.6,57.4,4,7,12,17,572,713,367,497,23,14,23,18,7,4,5,1
9296,Sunderland,1,2,Man Utd,37.5,62.5,2,6,6,13,545,831,338,571,22,20,27,52,4,4,1,3
9291,Cardiff,1,2,Newcastle,57.3,42.7,2,10,8,20,707,589,477,360,20,19,22,39,3,3,1,1
9292,Fulham,1,0,Stoke,44.2,55.8,2,3,9,16,624,707,394,500,18,16,35,14,7,5,6,5
9293,Hull,0,0,Aston Villa,45.7,54.3,1,4,6,18,559,677,367,461,14,20,28,48,7,7,1,2
9294,Liverpool,3,1,Crystal Palace,61,39,7,2,13,11,847,612,614,394,20,29,33,32,11,3,5,1
9295,Man City,3,1,Everton,53.9,46.1,6,4,12,6,671,630,491,417,20,22,14,31,8,1,3,4
9290,Everton,3,2,Newcastle,49.9,50.1,8,6,19,15,718,706,512,508,20,21,25,18,1,1,3,4
9289,Sunderland,1,3,Liverpool,46.3,53.7,5,6,23,15,571,664,348,419,23,19,26,54,10,8,4,1
9288,Stoke,0,1,Norwich,55.8,44.2,1,3,8,8,687,604,463,366,22,35,29,31,7,3,4,2
9286,Swansea,1,2,Arsenal,58.5,41.5,3,4,10,10,812,622,624,437,16,18,7,16,4,3,3,4
9281,Aston Villa,3,2,Man City,33.3,66.7,4,7,8,21,451,757,273,554,18,14,29,19,2,13,0,5
9282,Fulham,1,2,Cardiff,48.6,51.4,5,5,9,22,603,645,388,430,10,16,32,35,11,10,1,0
9283,Hull,1,0,West Ham,41.1,58.9,4,6,11,18,520,668,312,450,18,16,44,29,6,6,2,0
9284,Man Utd,1,2,West Brom,59.1,40.9,6,4,14,12,756,568,527,368,21,13,32,35,5,8,4,1
9285,Southampton,2,0,Crystal Palace,60.8,39.2,4,0,12,8,765,550,537,338,15,22,35,27,8,2,1,2
9287,Spurs,1,1,Chelsea,53.5,46.5,3,5,12,11,616,548,409,343,14,21,28,24,4,5,2,10
9278,Cardiff,0,1,Spurs,36.3,63.7,0,12,6,29,510,720,288,513,23,15,51,16,2,12,6,1
9280,Man City,4,1,Man Utd,41.6,58.4,5,3,18,14,524,697,334,478,22,14,28,38,8,4,1,4
9277,Arsenal,3,1,Stoke,50.4,49.6,9,3,17,10,706,663,526,507,23,20,14,9,6,7,1,1
9279,Crystal Palace,0,2,Swansea,43.4,56.6,1,7,9,15,617,787,413,550,20,16,20,49,6,8,1,4
9271,Chelsea,2,0,Fulham,64.4,35.6,9,1,24,4,793,552,604,332,27,16,15,35,13,3,1,1
9272,Liverpool,0,1,Southampton,55.2,44.8,5,7,10,12,707,598,465,373,20,38,27,29,6,6,3,5
9273,Newcastle,2,3,Hull,61.3,38.7,2,5,15,12,755,569,552,340,17,28,23,37,3,3,0,5
9275,West Brom,3,0,Sunderland,54.1,45.9,4,0,13,7,702,572,479,400,14,23,41,23,5,6,4,0
9276,West Ham,2,3,Everton,37.7,62.3,2,4,10,10,510,748,319,526,26,17,29,41,5,5,0,2
9274,Norwich,0,1,Aston Villa,64.2,35.8,2,4,13,16,683,493,464,264,14,25,10,45,7,4,2,2
9270,Swansea,2,2,Liverpool,58.9,41.1,9,5,18,12,836,637,628,432,18,16,35,43,3,7,1,2
9269,Southampton,0,0,West Ham,58.7,41.3,5,1,15,6,666,517,413,282,26,19,44,31,10,5,0,2
9262,Everton,1,0,Chelsea,43.5,56.5,5,6,11,22,603,699,373,491,23,19,35,11,5,7,2,0
9261,Aston Villa,1,2,Newcastle,54.7,45.3,1,8,10,17,665,613,469,392,24,14,20,32,4,2,1,3
9263,Fulham,1,1,West Brom,56.6,43.4,2,4,12,12,715,584,522,387,14,15,29,38,4,5,3,4
9264,Hull,1,1,Cardiff,46,54,5,2,18,10,627,705,428,505,13,10,34,39,6,2,2,1
9266,Stoke,0,0,Man City,42.1,57.9,3,3,11,10,567,722,356,509,23,21,15,35,2,4,1,0
9267,Sunderland,1,3,Arsenal,30.6,69.4,3,6,18,14,474,855,273,656,25,16,22,18,6,6,4,0
9268,Spurs,2,0,Norwich,69,31,7,1,23,5,894,472,653,289,15,29,23,26,8,1,1,4
9265,Man Utd,2,0,Crystal Palace,60.4,39.6,8,0,20,4,783,570,556,377,13,24,22,33,10,1,5,0
9258,Arsenal,1,0,Spurs,43.4,56.6,5,5,12,14,606,725,394,509,29,14,34,19,3,6,1,0
9259,Liverpool,1,0,Man Utd,43,57,5,4,11,10,589,715,379,478,31,17,33,32,2,7,1,0
9260,West Brom,0,2,Swansea,42,58,1,4,10,12,641,837,457,637,14,18,29,29,2,5,3,3
9253,Crystal Palace,3,1,Sunderland,50,50,7,2,18,10,658,628,419,407,28,24,51,33,6,6,2,1
9252,Cardiff,0,0,Everton,37,63,1,3,4,13,501,724,302,514,23,15,38,26,4,5,4,4
9255,Newcastle,1,0,Fulham,53.8,46.2,9,2,24,3,681,615,466,417,20,13,22,38,13,2,0,3
9256,Norwich,1,0,Southampton,42.2,57.8,4,2,14,11,568,687,341,480,30,19,29,16,5,4,1,6
9257,West Ham,0,1,Stoke,44.9,55.1,0,5,9,15,517,581,321,405,12,17,29,27,3,4,1,1
9254,Man City,2,0,Hull,58.2,41.8,6,2,12,7,725,568,529,376,18,19,27,23,7,4,1,1
9251,Man Utd,0,0,Chelsea,55.2,44.8,3,4,12,8,756,635,550,448,22,15,35,26,4,1,3,1
9249,Cardiff,3,2,Man City,30,70,6,5,9,16,450,804,264,637,16,12,36,17,3,8,4,2
9250,Spurs,1,0,Swansea,47.6,52.4,7,5,21,7,672,719,454,511,22,14,30,43,8,3,0,3
9242,Aston Villa,0,1,Liverpool,47.4,52.6,3,1,17,5,704,756,481,546,31,23,18,35,8,2,2,2
9243,Everton,0,0,West Brom,62.3,37.7,8,2,22,7,720,500,478,298,20,23,36,45,11,1,5,1
9245,Hull,1,0,Norwich,38.7,61.3,2,4,7,13,567,765,360,582,19,13,28,14,1,5,1,0
9246,Newcastle,0,0,West Ham,55.2,44.8,0,1,16,6,637,522,417,323,17,24,25,33,5,4,1,3
9247,Southampton,1,1,Sunderland,66.6,33.4,6,3,17,8,760,454,540,260,12,21,38,34,5,2,1,1
9248,Stoke,2,1,Crystal Palace,49.6,50.4,4,5,14,14,640,669,409,437,20,31,23,37,7,0,1,0
9244,Fulham,1,3,Arsenal,46.2,53.8,7,9,16,19,664,737,479,556,18,10,25,19,1,8,3,0
9241,Chelsea,2,1,Aston Villa,69.2,30.8,3,3,15,7,856,459,677,286,16,13,29,26,1,2,5,5
9240,Man City,4,0,Newcastle,63.5,36.5,11,1,20,6,855,572,665,377,29,14,17,21,8,1,3,2
9238,Chelsea,2,0,Hull,51.4,48.6,6,2,23,7,738,710,551,502,14,16,27,18,5,1,1,2
9239,Crystal Palace,0,1,Spurs,41.8,58.2,3,3,5,18,551,744,362,510,21,24,27,37,3,7,4,0
9235,Swansea,1,4,Man Utd,53.7,46.3,6,8,17,14,738,662,534,471,14,9,27,42,7,4,2,5
9231,Arsenal,1,3,Aston Villa,63.8,36.2,4,5,15,10,729,481,522,297,10,21,16,31,4,3,3,1
9233,Norwich,2,2,Everton,33,67,2,7,8,20,459,786,258,564,22,20,27,27,6,8,1,3
9234,Sunderland,0,1,Fulham,57.8,42.2,3,1,21,5,644,533,460,326,24,13,13,31,6,1,3,0
9236,West Brom,0,1,Southampton,46.7,53.3,1,3,11,8,568,620,363,400,16,11,38,39,4,8,1,2
9237,West Ham,2,0,Cardiff,43.6,56.4,4,1,18,12,488,561,294,385,11,11,40,29,4,3,5,0
9232,Liverpool,1,0,Stoke,55.3,44.7,11,6,25,12,765,669,520,416,34,34,18,31,12,6,2,1
